snp        pos        stat        pval        neglogp
rs80325838        141023692        5.14285714285714        0.0233422020128909        1.63185817669946
rs147854932        141015350        1.65753424657534        0.197936574035074        0.703473950947535
rs77694029        141016531        1.19047619047619        0.275233524074834        0.560298669150203
rs306955        141002762        1.08695652173913        0.29714653034847        0.527029336445014
rs74413492        141014620        0.952941176470588        0.328971774410625        0.482841362668789
rs4961313        141019135        0.713080168776371        0.398423163055536        0.399655421014449
rs4961314        141019413        0.615384615384615        0.432767580667785        0.363745280397872
rs55727870        141015187        0.506276150627615        0.476755340639756        0.321704433263845
rs7826973        141028962        0.5        0.479500122186953        0.31921127782572
rs10085932        141019132        0.478260869565217        0.48921112904166        0.310503671778014
rs7001816        141029793        0.380281690140845        0.537452519113628        0.26965989717567
rs10098028        141000954        0.325301204819277        0.568439096879836        0.245316059218816
rs10102219        141023451        0.320158102766798        0.571512646478787        0.242974155058402
rs55793749        141018310        0.259259259259259        0.610629510819117        0.214222210721609
rs1868278        141022705        0.203319502074689        0.652054676493111        0.185715986010947
rs150904486        141005389        0.103896103896104        0.747203325100659        0.126561204136562
rs10088133        141007778        0.102040816326531        0.749394184962571        0.125289681202811
rs11167021        141015545        0.0980392156862745        0.754195461921882        0.122516085120819
rs306954        141002860        0.0957854406130268        0.756947121579341        0.120934458159659
rs151048400        141013120        0.0947368421052632        0.758239463614912        0.1201936158682
rs28665913        141025946        0.0634920634920635        0.80105937086971        0.0963352947952074
rs1868276        141022935        0.0625        0.802587348634152        0.0955076904303395
rs7829671        141008036        0.062015503875969        0.80333825435585        0.095101551771709
rs7815065        141029001        0.0615384615384615        0.804080657471961        0.0947003849106892
rs306948        141006285        0.0610687022900763        0.804814717213251        0.0943040905062595
rs1550955        141028500        0.0601503759398496        0.806258422917023        0.0935257352933866
rs57192119        141022939        0.0140845070422535        0.905530335428619        0.0430969961631985
