snp        stat        pval        neglogp        pos
rs80325838        5.06240584737181        0.0244502735127006        3.71111387651031        141023692
rs147854932        1.64485420551109        0.199660750781106        1.61113559878289        141015350
rs77694029        1.18481473741669        0.276377985953924        1.28598583586859        141016531
rs306955        1.06944516540415        0.301070803416423        1.20040981459778        141002762
rs74413492        0.949361256236077        0.329881937337921        1.10902045417767        141014620
rs4961313        0.712363996398862        0.398660137718089        0.919646010235089        141019135
rs4961314        0.614844496137133        0.432969580637863        0.837087806015919        141019413
rs55727870        0.505918313475317        0.476911145465829        0.740425083295084        141015187
rs7826973        0.499347768787733        0.479786847176388        0.734413342090289        141028962
rs10085932        0.47795924180943        0.489348153204608        0.714681073093912        141019132
rs7001816        0.380055188138938        0.537573702074487        0.620689408241846        141029793
rs10098028        0.325159457243185        0.568523373540793        0.564712852228994        141000954
rs10102219        0.320022975247161        0.571593837999837        0.559326613250738        141023451
rs55793749        0.259140637696396        0.61071116373565        0.493131158691457        141018310
rs1868278        0.203262302761723        0.652100395611691        0.427556747909815        141022705
rs150904486        0.103872732034123        0.747230789490775        0.291381186424532        141005389
rs10088133        0.102026647139495        0.749411001120236        0.288467712826061        141007778
rs11167021        0.0980266491337032        0.754210707806927        0.282083496689151        141015545
rs306954        0.0957737210443217        0.756961522390575        0.278442855911068        141002860
rs151048400        0.0947053359702375        0.758278414150418        0.276704659788263        141013120
rs28665913        0.0634867305341505        0.801067550639358        0.221810002586502        141025946
rs1868276        0.0624949131574058        0.802595216483637        0.219904781192453        141022935
rs7829671        0.0620105344261117        0.803345972466221        0.218969807928872        141008036
rs7815065        0.0615336058966749        0.804088229802725        0.218046277263403        141029001
rs306948        0.0610639570074878        0.804822147590303        0.217133960643665        141006285
rs1550955        0.0601458415418801        0.806265580357022        0.215342086585044        141028500
rs57192119        0.014083575625798        0.905533444509472        0.0992310674876554        141022939
